Run, velocity(km/s), b(km/s), Temp(K), N_fit, upper_N_err, lower_N_err, q_fit, upper_q_err, lower_q_err, area, area_err
T0.3_v1000_chi300_cond, 30.328, 15.32, 5796.14, 6.4004139155e+16, 549132184.0, 6.40041388406e+16, 1.62311571974, 12.0150459166, 2.7880416642e-08, 2.16738664099e+15, 18590637.2007
T0.3_v1000_chi300_cond, 37.588, 36.966, 5435.818, 3.56744770664e+16, 304394560.0, 3.5674476295e+16, 0.855988847838, 10.7690259316, 1.17847129832e-08, 1.82415260448e+15, 12287121.1397
T0.3_v1000_chi300_cond, 59.61, 45.512, 8427.853, 2.32606647222e+16, 180223820.0, 2.32606647036e+16, 1.54091581633, 15.7773482715, 2.08519761458e-08, 8.13521410314e+14, 8911193.69188
T0.3_v1000_chi300_cond, 110.487, 99.44, 10665.566, 4.92015100984e+15, 38968517.0, 4.92015094631e+15, 0.535946997769, 21.815878695, 7.78209663377e-09, 3.43911665323e+14, 526086.0625
T3_v3000_chi3000_cond, 18.973, 36.403, 13791.298, 1.64535959948e+15, 191436678646.0, 1.64535959047e+15, 0.0195630989268, 47.2740167913, 1.88196431927e-05, 7.69067748938e+14, 388218.0
T3_v3000_chi3000_cond, 0.216, 24.85, 66034.697, 5.35788803281e+16, 542724824.0, 5.35788565525e+16, 4.77111125434, 6.41521517954, 7.59311895138e-07, 1.01147125182e+15, 162790.950259
T3_v3000_chi3000_cond, 42.075, 47.07, 16445.064, 2.2088513003e+16, 616871800.0, 2.20885127196e+16, 1.7232651214, 15.379830469, 6.25076630456e-08, 7.20934632064e+14, 2235266.91191
T3_v3000_chi3000_cond, 44.48, 47.383, 17530.308, 1.310612868e+17, 3626857568.0, 1.31061286783e+17, 14.234837532, 14.8992153164, 0.437320449842, 1.70867265128e+15, 23256006.4178
T1_v1700_chi1000_cond, 13.435, 24.621, 12170.059, 2.24607356312e+15, 520256197619.0, 2.24607330681e+15, 0.0350884115112, 41.7867943154, 9.69749540461e-08, 8.08790725272e+14, 303306.0
T1_v1700_chi1000_cond, 22.298, 26.853, 10229.637, 1.73484347147e+16, 112623116.0, 1.73484344471e+16, 0.687133108425, 19.462238502, 7.62355834016e-09, 1.02679980421e+15, 5381274.125
T1_v1700_chi1000_cond, 29.797, 31.283, 10283.654, 9.16488595136e+16, 1070363856.0, 9.16488593664e+16, 7.04297205979, 12.6212020636, 2.04688228056e-06, 1.47568836068e+15, 2117.46709795
T1_v1700_chi1000_cond, 37.929, 32.123, 9083.062, 6.08102284822e+16, 793720736.0, 6.08102284548e+16, 7.63698643241, 12.8610399882, 0.000403828840233, 9.50956778728e+14, 4510.07327687
T0.3_v1000_chi300, 105.586, 61.784, 14382.371, 1.10518067381e+16, 1024598070.0, 1.10518058073e+16, 0.634388623922, 20.3729793023, 9.79217729125e-09, 6.90008942258e+14, 9286973.625
T0.3_v1000_chi300, 138.547, 81.6, 14953.333, 8.66752964574e+15, 45001634.0, 8.66752911024e+15, 0.456516854976, 19.908119578, 3.88905208037e-09, 6.74520973218e+14, 220858.0
T0.3_v1000_chi300, 150.76, 71.206, 14431.308, 5.73072819674e+15, 47187419.0, 5.73072699245e+15, 0.280134772096, 27.8919259006, 4.03969274698e-09, 6.16451621427e+14, 1580221.25
T0.3_v1000_chi300, 207.101, 118.571, 19777.6, 1.17685396008e+15, 7.1464657082e+12, 1.17685366871e+15, 0.0707977093823, 37.5631638646, 6.20758890263e-07, 2.93963665641e+14, 3266734.0
T3_v3000_chi3000, 75.416, 69.602, 12389.879, 1.78408100319e+16, 3305374816.0, 1.78408081199e+16, 0.997055980656, 20.8805197965, 1.68345704044e-08, 8.24968335462e+14, 2697445.51588
T3_v3000_chi3000, 100.824, 70.455, 12902.646, 1.46718581516e+16, 137420660.0, 1.46718565369e+16, 0.7821155548, 12.8731639771, 7.64026086841e-09, 7.96549875851e+14, 1434000.875
T3_v3000_chi3000, 101.561, 65.002, 12952.769, 1.15110750759e+16, 91892654.0, 1.15110749098e+16, 0.843136946498, 16.6650335505, 1.15591496375e-08, 5.94529467747e+14, 5189086.06867
T3_v3000_chi3000, 120.674, 83.103, 14289.91, 3.56217622656e+15, 54792390.5, 3.56217548517e+15, 0.356738692876, 20.3940849248, 4.23607648958e-09, 3.26722167426e+14, 1660558.0
T1_v1700_chi1000, 87.015, 72.192, 13120.774, 2.71792625739e+16, 263086544.0, 2.71792623542e+16, 2.20871266058, 26.4106375672, 4.0198598672e-08, 7.64892022773e+14, 535032.453003
T1_v1700_chi1000, 117.477, 86.925, 14951.584, 1.78105297605e+16, 141264532.0, 1.78105295425e+16, 1.37547887298, 18.2441146421, 2.08553543324e-08, 6.69035645848e+14, 8526894.66958
T1_v1700_chi1000, 130.067, 73.614, 14683.775, 1.05283425215e+16, 86091106.0, 1.05283422214e+16, 0.87980347238, 14.7332608641, 1.35852030736e-08, 5.28658213758e+14, 7727066.24214
T1_v1700_chi1000, 133.844, 85.636, 15886.219, 2.95130447323e+15, 73270393.0, 2.95129896714e+15, 0.277383020881, 8.87971055245, 2.08643929911e-09, 3.1952881452e+14, 823038.5625
HC_v1000_chi300_cond, 170.582, 109.05, 11463.369, 1.96945908526e+16, 8.65927326405e+12, 1.9694590697e+16, 0.0304974661855, 43.8984989928, 6.2644656082e-07, 7.57902116399e+15, 3064838.0
HC_v1000_chi300_cond, 181.189, 123.75, 11306.069, 1.35659100438e+16, 1.77924426647e+14, 1.35659098181e+16, 0.0211538524583, 45.6888194966, 8.8727229687e-06, 6.13860272467e+15, 2984675.0
HC_v1000_chi300_cond, 257.915, 197.659, 12674.193, 1.32158213524e+16, 1.31920419533e+13, 1.32158103105e+16, 0.0440547679822, 31.401821374, 1.43978870493e-09, 4.2516998523e+15, 61526493.5
HC_v1000_chi300_cond, 369.375, 300.765, 13047.837, 1.20907072483e+16, 473986255208.0, 1.20907056697e+16, 0.103599535529, 35.1178012433, 2.6087489946e-09, 2.42625751314e+15, 20478510.0
HC_v1700_chi1000_cond, 56.083, 53.535, 20265.035, 4.25189061735e+17, 6440596928.0, 4.25189061522e+17, 2.73955240208, 17.0825602928, 1.54037242694e-06, 1.05938235786e+16, 14992454.1115
HC_v1700_chi1000_cond, 82.146, 57.931, 10235.461, 1.28839965661e+17, 951652816.0, 1.28839965608e+17, 0.611959005011, 27.1347117916, 8.65016824836e-09, 8.24018453272e+15, 81032620.0
HC_v1700_chi1000_cond, 74.505, 74.241, 12572.833, 7.32180160544e+16, 708149632.0, 7.32180139421e+16, 2.28537644012, 13.5363336598, 5.04155210912e-08, 2.02024454838e+15, 1396580.17324
HC_v1700_chi1000_cond, 75.154, 73.821, 12726.747, 7.14626663941e+16, 729343240.0, 7.14626663265e+16, 2.26929950449, 19.3076272709, 4.51472432772e-08, 1.97985705769e+15, 1383759.33861
HC_v3000_chi3000_cond, 32.735, 23.442, 30366.13, 2.64435336078e+17, 2811665952.0, 2.64435336054e+17, 0.530537553658, 27.0272644575, 7.51715667491e-09, 1.86096908349e+16, 25541756.0
HC_v3000_chi3000_cond, 38.765, 31.228, 19575.384, 3.22014316052e+17, 3287403584.0, 3.22014316042e+17, 1.51286880021, 26.0704040419, 2.71893703108e-08, 1.13921251168e+16, 116255614.609
HC_v3000_chi3000_cond, 57.473, 53.437, 17797.506, 3.68025235125e+17, 5246320512.0, 3.68025234763e+17, 2.62552460171, 17.1610975606, 1.12247830586e-07, 9.38741716093e+15, 8403675.60579
HC_v3000_chi3000_cond, 62.291, 61.57, 11550.599, 1.78731266652e+17, 2014513792.0, 1.78731266626e+17, 2.52016456778, 12.2660051881, 5.46547056501e-08, 4.66454565362e+15, 3119692.53459
LowCond_v1700_chi300_cond, 57.029, 56.579, 4313.969, 6.66067073223e+16, 575084224.0, 6.66067072634e+16, 1.29311033377, 17.6688349827, 1.89904370007e-08, 2.60233797203e+15, 11526302.1184
LowCond_v1700_chi300_cond, 69.4, 58.698, 9402.661, 4.2982144835e+16, 384625912.0, 4.29821447001e+16, 2.22503041972, 15.6132164831, 3.72615538424e-08, 1.20446561419e+15, 849341.129695
LowCond_v1700_chi300_cond, 77.658, 76.718, 11359.82, 2.19195680365e+16, 226360104.0, 2.19195679509e+16, 1.68232801301, 20.3197639593, 3.23168709571e-08, 7.26048667323e+14, 3494524.92267
LowCond_v1700_chi300_cond, 119.81, 108.245, 12888.774, 8.75721005232e+15, 87766948.0, 8.7572097916e+15, 1.46723376583, 11.3950552404, 3.15335693113e-08, 3.15816308764e+14, 3147367.38757
T0.3_v1700_chi300_cond, 22.737, 30.256, 12405.649, 1.92386494863e+15, 1.044514111e+12, 1.92386402351e+15, 0.0268838785944, 46.3300313786, 2.67475617557e-08, 7.84352412364e+14, 338588.0
T0.3_v1700_chi300_cond, 58.951, 46.214, 5561.312, 2.08249542177e+16, 1010097332.0, 2.08249541253e+16, 0.537029369677, 21.9406635388, 1.39568027135e-08, 1.45366920636e+15, 2273286.0
T0.3_v1700_chi300_cond, 68.885, 65.847, 9372.023, 3.41990244e+16, 220022196.0, 3.41990241304e+16, 2.08617713735, 13.4024223229, 2.27062666447e-08, 9.95125764965e+14, 415773.700776
T0.3_v1700_chi300_cond, 81.433, 78.495, 9301.049, 3.73534558328e+16, 392467616.0, 3.7353455224e+16, 4.1370428846, 13.0684150569, 1.5690356034e-05, 7.53169060809e+14, 16857.3189656
T0.3_v3000_chi300_cond, 21.886, 44.241, 16239.439, 1.42420189479e+15, 815519808629.0, 1.42420147397e+15, 0.0115638873374, 33.0676344059, 2.51781425223e-09, 8.10897105353e+14, 517116.5
T0.3_v3000_chi300_cond, 81.1, 88.01, 16624.474, 3.95511243759e+15, 27620647.0, 3.95511238682e+15, 0.119403896308, 33.4894421063, 1.59108061448e-09, 7.29113041807e+14, 5429908.0
T0.3_v3000_chi300_cond, 138.283, 53.0, 11730.797, 5.17579996009e+16, 1556518224.0, 5.17579995836e+16, 10.3693438038, 19.6462312081, 4.84597856598e-06, 7.33463889296e+14, 228126.354233
T0.3_v3000_chi300_cond, 176.397, 169.75, 11562.519, 5.58562119895e+16, 987722672.0, 5.58562119515e+16, 8.32222124339, 18.4574329547, 0.00013908169084, 8.48056236761e+14, 13753.5727197
T3_v860_chi3000_cond, 7.765, 27.608, 10574.804, 9.22111506393e+15, 91358590.0, 9.22111297263e+15, 0.255294786009, 10.3941633062, 3.62980734359e-09, 1.05390571923e+15, 3007719.75
T3_v860_chi3000_cond, 10.817, 20.638, 2837.74, 2.04424574866e+16, 177676392.0, 2.04424574296e+16, 0.285876617285, 23.2668115714, 4.29487490017e-09, 2.16994037785e+15, 5544690.25
T3_v860_chi3000_cond, 10.501, 11.761, 11245.766, 6.58316255812e+16, 915046200.0, 6.58316254498e+16, 6.09859074399, 12.0553614878, 0.000336973864775, 1.12017138342e+15, 4101331.30865
T3_v860_chi3000_cond, 17.207, 8.654, 9736.32, 3.07932947845e+16, 393600216.0, 3.07932947394e+16, 4.36734188101, 17.428287028, 3.1163188563e-07, 6.0526933162e+14, 29064.3877304
T10_v1500_chi10000_cond, 14.772, 36.065, 16679.359, 9.99738069178e+16, 1938927328.0, 9.99738063997e+16, 6.23209747824, 11.9521300629, 7.36125662648e-07, 1.68659804723e+15, 8004926.78214
T10_v1500_chi10000_cond, 13.473, 24.445, 11978.305, 7.11270002961e+16, 731563376.0, 7.11270001526e+16, 2.17872297583, 17.436169035, 4.58546414173e-08, 2.01768298017e+15, 1358830.34987
T10_v1500_chi10000_cond, 11.301, 17.612, 13104.431, 1.80190398513e+16, 427783608.0, 1.8019039253e+16, 1.28446852876, 11.008977714, 4.9786894607e-08, 7.07032392506e+14, 3202666.95698
T10_v1500_chi10000_cond, 15.516, 11.86, 10261.694, 4.06182177857e+16, 404628864.0, 4.06182174861e+16, 5.09871791357, 19.7580033996, 1.00113062729e-07, 7.44656833428e+14, 288619.683601
T1_v480_chi1000_cond, 3.21, 9.155, 9617.119, 2.43312247199e+16, 156002256.0, 2.43312240588e+16, 0.923153858186, 12.3920233468, 9.06321062644e-09, 1.18354089576e+15, 5819603.94654
T1_v480_chi1000_cond, 7.182, 6.325, 6371.042, 3.31850876199e+16, 323748016.0, 3.3185087106e+16, 1.08529051746, 13.1075430139, 2.04819059491e-08, 1.45176927278e+15, 6871628.13531
T1_v480_chi1000_cond, 7.201, 10.197, 6684.231, 3.32627297239e+16, 251035100.0, 3.32627291919e+16, 2.03519992305, 9.17705405291, 3.75419908494e-08, 9.82123975557e+14, 160586.23475
T1_v480_chi1000_cond, 10.712, 10.746, 6370.421, 6.47740113118e+15, 46360477.0, 6.47739942157e+15, 0.482996010496, 11.3280060003, 6.21226309283e-09, 4.85423990405e+14, 269219.8125
T0.3_v1700_chi300, 120.496, 86.888, 11610.491, 3.48123093783e+16, 270927484.0, 3.48123079659e+16, 1.74618756511, 21.6739083965, 4.03292705897e-08, 1.12707827032e+15, 16236742.8238
T0.3_v1700_chi300, 151.293, 95.941, 12078.444, 3.95027747671e+16, 315613456.0, 3.95027742842e+16, 2.4393137956, 18.2759785591, 4.07932327917e-08, 1.05009773933e+15, 651460.408951
T0.3_v1700_chi300, 147.304, 110.807, 11208.599, 1.42619226274e+16, 102502490.0, 1.42619221402e+16, 0.863514513779, 12.8288409308, 1.02596058316e-08, 7.25043336764e+14, 4172312.02312
T0.3_v1700_chi300, 240.568, 116.911, 18943.573, 3.21940146854e+15, 1190160270.5, 3.21940136727e+15, 0.366340042536, 29.3458546079, 3.64180652301e-09, 2.90123314123e+14, 1686205.25
T0.3_v3000_chi300, 182.45, 128.551, 13005.106, 2.91227001682e+16, 362483724.0, 2.91227000841e+16, 1.67513116806, 21.2385610186, 3.80292106694e-08, 9.6718650474e+14, 5011043.22346
T0.3_v3000_chi300, 231.412, 167.441, 14406.568, 2.91398797631e+16, 146894252.0, 2.91398797245e+16, 2.31451807675, 21.4807205173, 2.61142130142e-08, 7.98191416015e+14, 537778.692392
T0.3_v3000_chi300, 243.453, 135.829, 12870.422, 1.54923600466e+16, 95086144.0, 1.54923599338e+16, 1.05571243857, 16.5277983841, 1.14356084602e-08, 6.90074587666e+14, 9123210.63558
T0.3_v3000_chi300, 407.002, 367.692, 17005.219, 4.15072185483e+15, 24689021.0, 4.1507217599e+15, 0.539071372364, 20.3973750393, 5.79597891903e-09, 2.89002134492e+14, 471329.75
T3_v430_chi3000, 17.071, 25.736, 12654.53, 5.99758343125e+14, 5.32792073639e+13, 5.9975828384e+14, 0.00338453393545, 38.5429141143, 2.79843395425e-06, 4.70440636022e+14, 382148.0
T3_v430_chi3000, 20.331, 38.878, 12726.731, 5.82275665541e+14, 8.28856201073e+12, 5.82275009323e+14, 0.00252695128356, 43.4905328491, 2.21854643545e-08, 4.799464257e+14, 358693.875
T3_v430_chi3000, 31.715, 30.312, 14769.25, 9.89635713102e+14, 1.35982737721e+12, 9.89635482425e+14, 0.0314148451292, 33.4740847264, 2.74695173136e-08, 3.75602310857e+14, 149526.625
T3_v430_chi3000, 47.227, 31.333, 17162.658, 7.61795174948e+14, 2.05972568268e+12, 7.61794893858e+14, 0.03120888009, 37.2573304993, 7.05518306401e-07, 2.9002117919e+14, 115861.75
T3_v860_chi3000, 19.354, 42.23, 11136.106, 1.26258973721e+15, 1.92190677217e+13, 1.26258963882e+15, 0.0107668036322, 48.4607613386, 1.51035325884e-05, 7.3632325795e+14, 483359.375
T3_v860_chi3000, 33.403, 36.542, 12505.673, 1.58454157837e+15, 877930356086.0, 1.58454048465e+15, 0.0260856087258, 35.0913189625, 1.93335022297e-09, 6.54797019286e+14, 287019.875
T3_v860_chi3000, 60.926, 39.565, 17179.304, 1.3065189131e+15, 1.92444281607e+12, 1.30651830478e+15, 0.044728260723, 37.2061981909, 1.25863556855e-07, 4.17090634143e+14, 5989075.875
T3_v860_chi3000, 77.369, 48.865, 19343.488, 8.29463720175e+14, 1.11591460407e+12, 8.29463328499e+14, 0.0520153853253, 29.3022077872, 1.84376640344e-09, 2.44879509373e+14, 3248926.0
T1_v3000_chi1000, 122.586, 80.796, 13599.125, 4.24645238725e+16, 318711856.0, 4.24645236441e+16, 2.9804201741, 18.3576756429, 4.45905268265e-08, 1.01078316506e+15, 4013537.37103
T1_v3000_chi1000, 152.285, 90.277, 12429.254, 3.37671070794e+16, 301667800.0, 3.37671068243e+16, 1.87543696092, 21.9072671295, 3.79643281256e-08, 1.04690519821e+15, 2571014.43964
T1_v3000_chi1000, 124.933, 126.557, 8471.53, 1.79835435781e+16, 170117660.0, 1.79835435474e+16, 0.876743360657, 14.2799529036, 1.70394851562e-08, 9.05088796908e+14, 3902571.69015
T1_v3000_chi1000, 278.932, 228.532, 20922.092, 1.67829648786e+15, 6204752804.0, 1.67829643386e+15, 0.176629722718, 36.9992077368, 4.15764411787e-09, 2.4293514612e+14, 1309435.15625
T10_v1500_chi10000, 24.374, 31.885, 11560.938, 1.47661794001e+15, 5.20681720268e+12, 1.47661771287e+15, 0.0212182110447, 40.2835215011, 4.54207442942e-08, 6.67320728449e+14, 323987.0
T10_v1500_chi10000, 40.761, 31.611, 14657.857, 2.24037811624e+15, 2.45328973864e+12, 2.24037690947e+15, 0.0528518394937, 32.7008477636, 4.82632806428e-08, 6.5588049395e+14, 8627440.25
T10_v1500_chi10000, 41.332, 32.632, 13097.941, 4.20895675313e+15, 2448752219.5, 4.20891971978e+15, 0.22548731113, 19.4442314092, 1.3496215534e-09, 5.21347100099e+14, 1903080.4375
T10_v1500_chi10000, 59.151, 42.582, 17110.662, 1.00105404804e+15, 347702808653.0, 1.00105097536e+15, 0.0619741980352, 22.7922661687, 1.50256529441e-09, 2.69079948903e+14, 3238613.59375
T1_v480_chi1000, 21.431, 37.716, 11172.971, 8.82989953736e+14, 1.93140580296e+13, 8.82989639258e+14, 0.00528487364256, 43.9996004791, 1.15089863889e-07, 6.30324599676e+14, 509865.875
T1_v480_chi1000, 34.214, 43.677, 12611.843, 1.58135984414e+15, 6.12996669258e+12, 1.58135970574e+15, 0.0351332824483, 40.2876137183, 1.05945383631e-06, 5.69082556333e+14, 213263.5
T1_v480_chi1000, 54.563, 42.354, 13949.295, 2.67817167369e+15, 59661218232.5, 2.67817057709e+15, 0.0862493924635, 35.6444026973, 5.36168355547e-09, 5.98149347454e+14, 5825890.125
T1_v480_chi1000, 87.518, 50.831, 19604.528, 9.05334135358e+14, 425090639132.0, 9.05333932397e+14, 0.0395966880757, 53.659747367, 9.50416179438e-08, 3.07286720006e+14, 107662.25
