Run, velocity(km/s), b(km/s), Temp(K), N_fit, upper_N_err, lower_N_err, q_fit, upper_q_err, lower_q_err, area, area_err
T0.3_v1000_chi300_cond, 26.655, 15.381, 6345.226, 2.07834632456e+18, 26741810432.0, 2.07834632455e+18, 1.80094764851, 24.7253611648, 3.9181771383e-08, 6.60350822453e+16, 494961405.325
T0.3_v1000_chi300_cond, 36.809, 39.841, 6192.531, 9.74075292514e+17, 16418080896.0, 9.74075292451e+17, 0.805011843719, 21.2282205238, 1.86780907407e-08, 5.18786121313e+16, 66622536.0
T0.3_v1000_chi300_cond, 60.345, 45.726, 8665.041, 7.79821903586e+17, 8828415616.0, 7.79821903577e+17, 1.34226462249, 25.243928559, 2.15623809918e-08, 2.97515739075e+16, 436129958.413
T0.3_v1000_chi300_cond, 110.315, 97.884, 10330.22, 2.04241454739e+17, 1695487712.0, 2.04241454529e+17, 0.528758344094, 23.8326908177, 8.64123517186e-09, 1.44059129332e+16, 19090016.0
T3_v3000_chi3000_cond, 19.809, 36.356, 12820.627, 7.38384012173e+16, 5.81678080394e+12, 7.38384012146e+16, 0.0194740080642, 39.6124575509, 1.8668143913e-05, 3.45778309852e+16, 17492484.0
T3_v3000_chi3000_cond, 2.002, 27.025, 70693.433, 1.25047446078e+18, 20502366720.0, 1.25047446077e+18, 4.44062770159, 16.3097082229, 2.59457169802e-05, 2.43902800358e+16, 1475591.40316
T3_v3000_chi3000_cond, 42.443, 47.507, 14571.344, 8.27325396036e+17, 20683736448.0, 8.27325395966e+17, 1.3491673028, 18.6527633553, 4.35237308416e-08, 3.1461127675e+16, 447656827.894
T3_v3000_chi3000_cond, 41.104, 51.423, 15400.863, 5.68529120356e+18, 407390742528.0, 5.68529120355e+18, 14.1537529889, 20.5406652932, 0.0354289835024, 7.42201451307e+16, 948264757.724
T1_v1700_chi1000_cond, 13.649, 24.728, 11820.301, 1.03488337805e+17, 3.85334570019e+12, 1.03488337796e+17, 0.0361166399271, 38.7141846546, 5.62201670115e-05, 3.67481124163e+16, 13562944.0
T1_v1700_chi1000_cond, 21.344, 26.582, 10597.092, 6.59920943957e+17, 5203757952.0, 6.59920943938e+17, 0.651980296191, 22.7044247504, 8.97369123454e-09, 4.04543412337e+16, 517423864.0
T1_v1700_chi1000_cond, 28.647, 30.499, 10194.11, 3.46174372015e+18, 47589170176.0, 3.46174371964e+18, 6.59896045848, 14.7650107191, 0.000721788678631, 5.71192184583e+16, 531489153.332
T1_v1700_chi1000_cond, 37.363, 33.259, 9312.738, 2.32828665947e+18, 4.33596950528e+12, 2.32828665946e+18, 7.30927787586, 20.8010196339, 0.0256606315164, 3.69844255889e+16, 92168.5386164
T0.3_v1000_chi300, 105.439, 90.733, 12746.813, 3.20738636124e+17, 66745603584.0, 3.20738635814e+17, 0.380533357125, 29.5164384044, 5.97185156881e-09, 2.81830039519e+16, 200180556.0
T0.3_v1000_chi300, 138.376, 113.364, 13061.285, 2.85444199667e+17, 1999617024.0, 2.85444199661e+17, 0.355939464349, 33.2395279344, 4.80094902722e-09, 2.62198718091e+16, 131618888.0
T0.3_v1000_chi300, 151.607, 103.146, 12766.008, 2.04665388028e+17, 1809541056.0, 2.04665388003e+17, 0.246556522889, 32.5030413556, 7.15979428523e-09, 2.39273756589e+16, 72804372.0
T0.3_v1000_chi300, 202.53, 170.053, 15963.929, 5.00505326319e+16, 2.86847438889e+13, 5.00505326015e+16, 0.0737528923515, 36.5600175801, 1.14448753509e-06, 1.22192112794e+16, 132328164.0
T3_v3000_chi3000, 75.382, 99.572, 11552.879, 4.61341760681e+17, 365411769344.0, 4.61341759655e+17, 0.564171024608, 25.5795642733, 1.58233395275e-08, 3.11572998439e+16, 90888632.0
T3_v3000_chi3000, 105.15, 92.301, 12001.396, 3.77882877121e+17, 30543688512.0, 3.77882876577e+17, 0.528903348418, 22.4150300961, 5.65209823389e-09, 2.66485963556e+16, 35414332.0
T3_v3000_chi3000, 103.577, 95.336, 11851.891, 3.83088496617e+17, 3230816128.0, 3.83088496616e+17, 0.717874373016, 34.6211441935, 1.33426267812e-08, 2.20207271437e+16, 85449340.0
T3_v3000_chi3000, 119.497, 106.108, 12580.384, 1.4203753005e+17, 1105770864.0, 1.42037528917e+17, 0.339726597119, 13.5518376676, 4.78526857028e-09, 1.34563808635e+16, 53124048.0
T1_v1700_chi1000, 86.772, 107.391, 12006.661, 8.22344263096e+17, 9793065856.0, 8.22344263095e+17, 1.59109550381, 30.6118471665, 3.3548868128e-08, 2.81930786114e+16, 322477462.862
T1_v1700_chi1000, 119.631, 111.47, 13320.95, 4.44771814998e+17, 3581299968.0, 4.44771811793e+17, 0.792117066353, 15.9119026731, 1.20763821165e-08, 2.39438857512e+16, 37365760.0
T1_v1700_chi1000, 130.646, 100.536, 12881.191, 3.62497712702e+17, 3428075456.0, 3.6249771268e+17, 0.734038459692, 30.0320688355, 1.29562948148e-08, 2.05298794967e+16, 67014240.0
T1_v1700_chi1000, 133.181, 152.093, 13670.431, 1.178854966e+17, 1937831504.0, 1.17885496521e+17, 0.264545720514, 20.2660053843, 3.97885097092e-09, 1.31645097534e+16, 35553100.0
HC_v1000_chi300_cond, 170.798, 147.891, 10930.24, 8.28347623708e+17, 3.22448743906e+14, 8.28347623682e+17, 0.0304005129925, 53.8120705135, 0.000338986947958, 3.19243527748e+17, 129313536.0
HC_v1000_chi300_cond, 181.289, 149.531, 10866.105, 5.66004821032e+17, 9.58530353236e+14, 5.66004821006e+17, 0.0200494257614, 40.477691637, 5.02948784924e-05, 2.61901002678e+17, 130666560.0
HC_v1000_chi300_cond, 257.472, 200.107, 11751.615, 5.73629417346e+17, 2.32085945014e+15, 5.73629417326e+17, 0.0442407396418, 41.0863251197, 0.00106836439107, 1.84149189815e+17, 2659100064.0
HC_v1000_chi300_cond, 368.99, 264.671, 11992.485, 5.2764830622e+17, 6.52277382112e+12, 5.27648306219e+17, 0.101296648568, 44.5207647801, 0.000209095562748, 1.07299660724e+17, 922859168.0
HC_v1700_chi1000_cond, 56.317, 53.506, 16843.562, 1.74578803199e+19, 1.33826211766e+14, 1.74578803199e+19, 2.77236880394, 28.9973437367, 4.9761062404e-06, 4.32143812623e+17, 704724491.521
HC_v1700_chi1000_cond, 82.769, 58.125, 10163.155, 4.93580162647e+18, 35946342400.0, 4.93580162646e+18, 0.525129207545, 26.8913429074, 6.85234369247e-09, 3.49750264262e+17, 431753984.0
HC_v1700_chi1000_cond, 74.512, 74.25, 12595.309, 3.41891859368e+18, 40602745344.0, 3.41891859057e+18, 2.18421630379, 14.3599538051, 7.39431715857e-08, 9.6843342575e+16, 65847096.8962
HC_v1700_chi1000_cond, 75.127, 73.838, 12716.548, 3.30691972778e+18, 2.00576340531e+12, 3.30691972778e+18, 2.14549559733, 20.492024858, 5.85745319848e-06, 9.46543142118e+16, 58239199.0562
HC_v3000_chi3000_cond, 39.832, 25.739, 25459.78, 6.67257055029e+18, 95223186432.0, 6.67257055029e+18, 0.456354493815, 32.7327131631, 1.04845436777e-08, 5.19393584924e+17, 169487360.0
HC_v3000_chi3000_cond, 40.506, 32.187, 16621.752, 1.50576803157e+19, 1.94566942463e+15, 1.50576803157e+19, 1.67625320466, 31.6350093762, 1.12106762318e-07, 4.99870827934e+17, 2560450758.51
HC_v3000_chi3000_cond, 57.456, 53.314, 15627.294, 1.59530343468e+19, 7.53451293014e+14, 1.59530343468e+19, 2.69743810911, 29.207825626, 7.91097101605e-06, 4.00881171714e+17, 474851320.594
HC_v3000_chi3000_cond, 62.304, 61.555, 11502.466, 8.08621037508e+18, 135906057216.0, 8.08621037506e+18, 2.46592896676, 24.6414419625, 6.98843205527e-08, 2.13638374023e+17, 133819348.122
LowCond_v1700_chi300_cond, 50.016, 53.786, 5262.864, 1.84427737353e+18, 3.22991349427e+12, 1.84427737353e+18, 1.5741125769, 34.1854869552, 3.86536846975e-08, 6.36516118307e+16, 794780059.286
LowCond_v1700_chi300_cond, 68.103, 59.071, 9748.343, 1.42315000072e+18, 49656901120.0, 1.42315000072e+18, 1.85461784098, 30.8854035914, 4.28186524015e-08, 4.44208952534e+16, 154668250.766
LowCond_v1700_chi300_cond, 77.462, 77.16, 11077.122, 9.29885025855e+17, 12198498176.0, 9.29885025748e+17, 1.6403463179, 23.6103971967, 4.89481837285e-08, 3.12841123441e+16, 228264195.47
LowCond_v1700_chi300_cond, 119.909, 108.595, 12022.371, 3.8734025789e+17, 5585850112.0, 3.87340257882e+17, 1.4714970444, 21.5006567117, 3.38755454798e-08, 1.39434365046e+16, 138588058.125
T0.3_v1700_chi300_cond, 23.467, 30.441, 11977.911, 8.6178894222e+16, 9.14246458189e+13, 8.61788940706e+16, 0.0262818009463, 48.2938869555, 0.000178908871158, 3.54936179082e+16, 15499276.0
T0.3_v1700_chi300_cond, 48.137, 41.316, 6930.01, 7.01982760658e+17, 21831489024.0, 7.01982760575e+17, 0.708551186534, 31.8529406661, 2.30254824096e-08, 4.07050706417e+16, 173652280.0
T0.3_v1700_chi300_cond, 64.891, 63.797, 9618.5, 1.22303276456e+18, 7134358528.0, 1.22303276437e+18, 2.03084537587, 26.8602539736, 2.34988886127e-08, 3.6157418804e+16, 5095985.02958
T0.3_v1700_chi300_cond, 79.883, 78.005, 9469.295, 1.38666158883e+18, 50561603584.0, 1.38666158883e+18, 3.94064752859, 24.0837193549, 2.34987192282e-06, 2.86205956947e+16, 318149.412106
T0.3_v3000_chi300_cond, 17.139, 39.241, 13517.567, 5.68801023521e+16, 8.30373565239e+13, 5.6880099971e+16, 0.0106794692926, 45.4446494873, 2.37466640689e-06, 3.3260996159e+16, 21905196.0
T0.3_v3000_chi300_cond, 82.705, 86.361, 14240.186, 1.785978014e+17, 24418268128.0, 1.78597801087e+17, 0.1199263795, 28.8787910926, 4.82430212445e-09, 3.28373322412e+16, 243585904.0
T0.3_v3000_chi300_cond, 127.679, 59.245, 12815.48, 2.14794275316e+18, 75994910464.0, 2.14794275311e+18, 11.6051928756, 18.5484855331, 0.0090547579417, 2.94881178717e+16, 37415515.0965
T0.3_v3000_chi300_cond, 176.125, 169.338, 11130.145, 2.26363858642e+18, 125377130752.0, 2.26363858641e+18, 7.83103373996, 23.3222345858, 0.00125093294554, 3.50895526326e+16, 239331.185909
T3_v860_chi3000_cond, 7.873, 27.454, 10421.333, 4.02032417071e+17, 65234774080.0, 4.02032417068e+17, 0.254704531521, 30.868056166, 1.19039832491e-07, 4.60186245237e+16, 131858472.0
T3_v860_chi3000_cond, 9.568, 21.063, 4221.389, 3.33998589426e+17, 3919853632.0, 3.33998589333e+17, 0.230743543727, 23.2723155538, 3.34364957943e-09, 4.07603975183e+16, 141885688.0
T3_v860_chi3000_cond, 10.786, 13.34, 10995.448, 2.62537393027e+18, 38468918272.0, 2.62537393026e+18, 5.65394131727, 19.1806658247, 1.06220339253e-05, 4.60667784887e+16, 66712396.025
T3_v860_chi3000_cond, 17.041, 9.975, 9736.999, 1.18582500175e+18, 15069014016.0, 1.18582500165e+18, 4.1769374713, 20.7822741896, 8.10656221706e-06, 2.38014477186e+16, 610651.954603
T10_v1500_chi10000_cond, 10.788, 34.022, 14585.864, 2.09032980764e+18, 323333489920.0, 2.09032980764e+18, 2.14645131767, 24.8792490983, 6.53112481874e-07, 5.98161435144e+16, 36933326.6041
T10_v1500_chi10000_cond, 11.211, 24.184, 12666.428, 2.54184399579e+18, 29996387840.0, 2.54184399491e+18, 2.33483722228, 14.0179482439, 5.65231750294e-08, 6.92770714751e+16, 45752347.9024
T10_v1500_chi10000_cond, 11.496, 17.888, 12206.111, 7.73332496322e+17, 18543798016.0, 7.73332496307e+17, 1.2075396111, 24.1958468264, 4.50166748323e-08, 3.15713081192e+16, 175410953.117
T10_v1500_chi10000_cond, 15.427, 12.372, 10247.82, 1.67604925566e+18, 47894647296.0, 1.67604925565e+18, 4.89053353484, 18.5681325875, 0.000475227821409, 3.12942853776e+16, 7006726.60142
T1_v480_chi1000_cond, 3.48, 10.038, 9626.521, 1.08605658931e+18, 13647836032.0, 1.0860565893e+18, 0.998802022447, 39.7993749182, 5.69437402786e-08, 5.01622322687e+16, 42926892.4965
T1_v480_chi1000_cond, 7.054, 7.326, 6832.181, 1.04493041462e+18, 10862781696.0, 1.04493041453e+18, 1.04521108191, 21.2404697984, 2.07606092317e-08, 4.68490823234e+16, 496855704.474
T1_v480_chi1000_cond, 7.157, 11.293, 7099.504, 1.0200315443e+18, 9671820544.0, 1.02003154429e+18, 1.81965453269, 23.6164863814, 3.34872594099e-08, 3.22068840004e+16, 188057997.545
T1_v480_chi1000_cond, 10.73, 11.462, 6670.133, 2.0891781141e+17, 1708701024.0, 2.08917811005e+17, 0.477941774413, 17.3652650347, 6.62078497582e-09, 1.57671458264e+16, 7932640.0
T0.3_v1700_chi300, 122.355, 125.429, 11391.92, 1.02419654715e+18, 8570496384.0, 1.02419654654e+18, 1.49565443418, 21.1010405566, 2.73873466128e-08, 3.64942265962e+16, 364100675.609
T0.3_v1700_chi300, 156.563, 142.196, 11406.83, 1.09197019069e+18, 7393868928.0, 1.09197018908e+18, 1.8060004968, 25.7800283437, 2.50793845691e-08, 3.46361117086e+16, 243058320.978
T0.3_v1700_chi300, 149.387, 185.562, 10773.526, 4.72973326302e+17, 3839112896.0, 4.72973326271e+17, 0.73075331604, 26.3280307387, 1.0508140913e-08, 2.6866865117e+16, 90922132.0
T0.3_v1700_chi300, 236.822, 135.518, 15474.638, 1.36343845606e+17, 3109002480.0, 1.36343845105e+17, 0.375282435468, 22.1656970364, 3.54369089628e-09, 1.20916050819e+16, 79222000.0
T0.3_v3000_chi300, 181.685, 128.661, 11842.99, 8.35466093479e+17, 13404589440.0, 8.35466093477e+17, 0.991530034825, 32.6736923793, 2.90781368983e-08, 3.8773484467e+16, 195083298.068
T0.3_v3000_chi300, 231.062, 162.592, 12712.321, 1.0624805408e+18, 6648477568.0, 1.06248053813e+18, 2.05185793228, 21.3204373443, 2.34870940474e-08, 3.12201624897e+16, 7839361.23748
T0.3_v3000_chi300, 243.526, 150.951, 11751.637, 6.34195980667e+17, 4365036416.0, 6.34195980613e+17, 1.03001427429, 22.8397458772, 1.27383199544e-08, 2.87075008114e+16, 188378014.188
T0.3_v3000_chi300, 403.176, 315.215, 14294.353, 1.79889624548e+17, 3499620672.0, 1.79889623528e+17, 0.535634796682, 21.5098241373, 5.77282421865e-09, 1.25789417872e+16, 19120570.0
T3_v430_chi3000, 16.793, 36.407, 11459.578, 2.45600621825e+16, 1.12018038782e+15, 2.45600621125e+16, 0.00322643544898, 49.1613444296, 4.34213542738e-06, 1.94337644044e+16, 15656640.0
T3_v430_chi3000, 19.998, 56.298, 11391.417, 2.30538341635e+16, 7.14875906637e+14, 2.30538340805e+16, 0.0024007858999, 43.2383323116, 0.00010694767049, 1.91507125904e+16, 13982788.0
T3_v430_chi3000, 31.081, 39.635, 12772.971, 3.99172572276e+16, 5.13026166649e+13, 3.99172571488e+16, 0.0296557301531, 46.5512254908, 6.94258826084e-06, 1.55619241844e+16, 6386034.0
T3_v430_chi3000, 46.251, 38.858, 14372.516, 3.25938849144e+16, 1.14842337756e+14, 3.25938846588e+16, 0.0317076711674, 38.4838840895, 4.08793757964e-06, 1.23167775024e+16, 4879156.0
T3_v860_chi3000, 19.106, 77.817, 10417.76, 5.06697637115e+16, 1.0177471393e+14, 5.06697636386e+16, 0.0106386627535, 44.0821263311, 4.02494293863e-05, 2.96668712731e+16, 19567564.0
T3_v860_chi3000, 33.07, 54.478, 11307.642, 6.25472538848e+16, 2.23953460526e+14, 6.25472538588e+16, 0.0246561324048, 38.0514706612, 3.29739151355e-05, 2.6500130521e+16, 11949964.0
T3_v860_chi3000, 59.503, 51.78, 14298.081, 5.34809211195e+16, 7.34825009431e+13, 5.34809211142e+16, 0.0431543823489, 47.4244676371, 0.000214175929591, 1.73865716967e+16, 254260566.0
T3_v860_chi3000, 75.271, 54.271, 15629.491, 3.58532708473e+16, 7.77961828087e+12, 3.58532705924e+16, 0.0548203119303, 39.073067498, 6.39525367515e-06, 1.02947916371e+16, 132751950.0
T1_v3000_chi1000, 122.63, 96.819, 12182.509, 1.50621451063e+18, 13322668544.0, 1.50621451063e+18, 2.51555150118, 26.8240644761, 4.5107677149e-08, 3.93498354393e+16, 26106914.2806
T1_v3000_chi1000, 157.317, 108.227, 11640.545, 1.01926688519e+18, 358607104768.0, 1.01926688519e+18, 1.56567309571, 33.6024548804, 5.00683829951e-08, 3.52957904947e+16, 424506189.063
T1_v3000_chi1000, 128.302, 174.689, 8890.813, 5.07297848885e+17, 5810742016.0, 5.07297848874e+17, 0.721909737802, 28.6367849204, 1.37149908097e-08, 2.90516656046e+16, 108084228.0
T1_v3000_chi1000, 274.692, 205.551, 16626.826, 7.61822584149e+16, 135635976608.0, 7.61822583977e+16, 0.192616354177, 32.2528324155, 3.76147955561e-08, 1.04384886445e+16, 50594520.0
T10_v1500_chi10000, 24.363, 47.145, 10689.21, 5.2308833207e+16, 3.08858878817e+14, 5.23088330975e+16, 0.015968052311, 42.0315427031, 2.90395128264e-06, 2.65002145272e+16, 14701180.0
T10_v1500_chi10000, 40.037, 45.779, 12648.826, 8.70791201476e+16, 3.43877263976e+13, 8.7079119811e+16, 0.0483296250352, 38.6818751268, 3.74038905708e-06, 2.67140319408e+16, 368509672.0
T10_v1500_chi10000, 41.108, 43.212, 11761.205, 1.65211424964e+17, 310222786752.0, 1.65211424236e+17, 0.20880903211, 28.5664059391, 3.71833683288e-09, 2.15002509837e+16, 91222340.0
T10_v1500_chi10000, 57.92, 51.002, 14313.693, 4.18382646239e+16, 4.61397200341e+12, 4.18382646125e+16, 0.0597804024201, 38.913492054, 5.85564516128e-06, 1.14680512911e+16, 140908984.0
T1_v480_chi1000, 21.107, 54.182, 10370.013, 3.70957231259e+16, 1.03012329033e+15, 3.70957230044e+16, 0.00713707978048, 52.9610021544, 0.000634385152869, 2.45106449378e+16, 18555424.0
T1_v480_chi1000, 33.923, 63.567, 11323.508, 6.01365293249e+16, 4.76047836025e+14, 6.01365293134e+16, 0.0337574671095, 44.8833226267, 0.00118382206997, 2.20601630753e+16, 8449500.0
T1_v480_chi1000, 54.383, 55.488, 12320.591, 1.0247985175e+17, 4.88058228794e+12, 1.02479840531e+17, 0.0769966001866, 36.1993712671, 1.83180864921e-09, 2.44196732086e+16, 257165356.0
T1_v480_chi1000, 85.398, 60.815, 15823.056, 3.84011189066e+16, 1.23235253786e+14, 3.84011188996e+16, 0.0431014499776, 54.5967616491, 0.00130839625763, 1.24919011705e+16, 182795146.0
