Run, velocity(km/s), b(km/s), Temp(K), N_fit, upper_N_err, lower_N_err, q_fit, upper_q_err, lower_q_err, area, area_err
T0.3_v1000_chi300_cond, 375.885, 619.983, 2571354.973, 2.08298389641e+13, 337848379082.0, 2.0828869929e+13, 0.167038154327, 32.0643651418, 4.43793399252e-08, 3.12292404333e+12, 17705.9467773
T0.3_v1000_chi300_cond, 173.831, 777.57, 2000485.097, 8.89777191444e+13, 849251.125, 8.89768248118e+13, 0.43977587331, 14.8375798872, 4.90333323944e-09, 7.0994547879e+12, 101099.96875
T0.3_v1000_chi300_cond, 297.484, 636.88, 2431766.352, 3.28946737444e+13, 125610721765.0, 3.28939913728e+13, 0.138324360197, 33.6809318328, 6.66381153036e-09, 5.54454894163e+12, 36282.3613281
T0.3_v1000_chi300_cond, 499.021, 394.104, 2622771.423, 3.3264262505e+13, 2839507556.17, 3.32635352088e+13, 0.168103689694, 23.6736597183, 3.8202100372e-09, 4.96730180833e+12, 28015.8876953
T3_v3000_chi3000_cond, 37.308, 2704.321, 867361.605, 1.58829929219e+14, 1017488571.75, 1.58821862673e+14, 0.175192001416, 12.7057225086, 2.15476944621e-09, 2.31095915759e+13, 125580.140625
T3_v3000_chi3000_cond, 16.475, 1986.791, 672107.958, 9.17032069305e+14, 15635528.25, 9.17031853213e+14, 9.57675783557, 12.0236722531, 0.000198878969535, 1.33089186206e+13, 1469.08661042
T3_v3000_chi3000_cond, 48.387, 2140.295, 904623.953, 2.76649157366e+14, 1744715.34375, 2.76647987107e+14, 0.491905921785, 10.1615558922, 5.17121867549e-09, 2.04803055009e+13, 13455.0390625
T3_v3000_chi3000_cond, 50.585, 1810.183, 798236.801, 8.65356608536e+14, 7391334.75, 8.65356552775e+14, 4.92517518811, 6.78420368564, 9.26871637219e-08, 1.61071193632e+13, 3960.25433823
T1_v1700_chi1000_cond, 19.488, 1567.014, 954203.697, 6.88676058158e+13, 463169415.211, 6.8867237771e+13, 0.165636789604, 20.6118932511, 2.93729229828e-09, 1.03796966068e+13, 59249.6074219
T1_v1700_chi1000_cond, 26.735, 1568.101, 1103446.68, 8.1658559275e+13, 8320315.20312, 8.16558714355e+13, 0.44887591368, 14.4158364837, 4.73674488521e-09, 6.42690659904e+12, 1787.38671875
T1_v1700_chi1000_cond, 30.2, 1469.99, 1350134.15, 7.73529132927e+13, 1211748.71875, 7.73487265106e+13, 0.898033497131, 7.31499439324, 9.97648585965e-09, 3.83181152772e+12, 36726.758773
T1_v1700_chi1000_cond, 30.616, 1551.851, 1382069.896, 9.13459875599e+13, 815368.078125, 9.13458320597e+13, 4.86124264632, 6.53908563097, 8.36072588939e-08, 1.71011288525e+12, 353.489195497
T0.3_v1000_chi300, 329.833, 582.452, 1285022.289, 2.71741540928e+13, 1.29524440337e+13, 2.70957957696e+13, 0.00614758210446, 33.8541961686, 2.94820331438e-08, 1.86849111543e+13, 14692.5664062
T0.3_v1000_chi300, 391.588, 461.864, 1378923.005, 3.22717800453e+13, 8.39638631811e+12, 3.22715234827e+13, 0.00464350074741, 35.3607043537, 1.16636200526e-05, 2.3734123975e+13, 19483.1015625
T0.3_v1000_chi300, 493.426, 344.141, 1642159.802, 4.20842176869e+13, 6.60833848618e+12, 4.20842016199e+13, 0.00696234360559, 52.4815023348, 8.67455160316e-06, 2.79969469573e+13, 21341.8085938
T0.3_v1000_chi300, 506.654, 329.519, 1689379.181, 3.47462745688e+13, 3.11872386943e+12, 3.47461801017e+13, 0.012049529769, 25.1819267397, 1.75015280885e-06, 1.95061221396e+13, 12229.4804688
T3_v3000_chi3000, 186.882, 2564.079, 770828.004, 2.37646630399e+13, 2.37725179032e+13, 2.37638548802e+13, 0.0181959874915, 28.3545778853, 1.84542777699e-05, 1.14387826744e+13, 5975.02539062
T3_v3000_chi3000, 205.946, 2428.564, 771809.079, 5.97366285055e+13, 38956163609.8, 5.97251732563e+13, 0.0477469783825, 22.499139134, 6.96372529085e-10, 1.84413577727e+13, 256009.5625
T3_v3000_chi3000, 223.374, 2407.839, 779035.249, 5.41947939167e+13, 162641750873.0, 5.41934712727e+13, 0.0271390707463, 22.3353833203, 8.57948410232e-10, 2.20011556087e+13, 9451.77734375
T3_v3000_chi3000, 231.522, 2550.95, 796125.286, 2.02368606904e+13, 231721523821.0, 2.02350616385e+13, 0.0425744759873, 18.9187421662, 1.54131163388e-09, 6.62408392353e+12, 97537.1523438
T1_v1700_chi1000, 194.191, 1367.127, 812735.429, 2.58225889492e+13, 8.0171555422e+12, 2.57498641025e+13, 0.0220214401144, 15.2273714919, 3.51880740518e-09, 1.14880705457e+13, 5477.6640625
T1_v1700_chi1000, 224.742, 1266.202, 806640.051, 3.85895834014e+13, 2.03411201903e+12, 3.85859308167e+13, 0.0202932454481, 31.7137930954, 1.16389429459e-07, 1.77670498268e+13, 8812.953125
T1_v1700_chi1000, 254.988, 1213.739, 829098.191, 4.98330711845e+13, 939611833205.0, 4.98317219304e+13, 0.0162516915172, 28.495656534, 6.12180337672e-10, 2.50756650165e+13, 13799.9179688
T1_v1700_chi1000, 231.287, 1289.056, 836582.86, 5.14325572562e+13, 72047878314.5, 5.14312465847e+13, 0.0384016133408, 28.7484603761, 1.07028528401e-09, 1.77236233961e+13, 6319.57421875
HC_v1000_chi300_cond, 639.214, 217.709, 2041117.238, 2.7696206629e+14, 3.53184195775e+14, 2.76961769699e+14, 0.010852822894, 44.4030614676, 0.00156879010914, 1.61094626547e+14, 105415.125
HC_v1000_chi300_cond, 699.732, 149.846, 2384908.32, 2.65083448109e+14, 4.78977322766e+13, 2.65083103967e+14, 0.0164385109982, 39.3010188978, 1.41691670451e-05, 1.32800495115e+14, 72704.703125
HC_v1000_chi300_cond, 759.587, 67.424, 2398290.729, 2.29674304487e+14, 1.57674773231e+13, 2.29674031138e+14, 0.0118378854125, 31.4928909362, 6.56230451403e-08, 1.29726374451e+14, 81929.046875
HC_v1000_chi300_cond, 879.179, 246.39, 2685208.223, 2.06305666156e+14, 6.31888284137e+12, 2.06300524834e+14, 0.01433786922, 27.4375132625, 1.47232943736e-08, 1.0883726756e+14, 63353.265625
HC_v1700_chi1000_cond, 75.025, 2566.03, 944062.477, 4.6015115441e+14, 3727623.25, 4.60150977138e+14, 4.6752281065, 7.43632386154, 1.16420016738e-07, 8.76650457835e+12, 1073.06576956
HC_v1700_chi1000_cond, 129.946, 1448.139, 1107052.183, 3.40655162118e+14, 910240133.562, 3.40654913334e+14, 0.498998287915, 21.8804480678, 1.1578992043e-08, 2.49781372638e+13, 18770.5703125
HC_v1700_chi1000_cond, 80.827, 2810.061, 2261650.702, 2.48977126582e+13, 443957.902344, 2.48973789472e+13, 22.4998283893, 0.0260468343142, 0.00413074894626, 2.96326946664e+11, 149.756499942
HC_v1700_chi1000_cond, 87.962, 2804.443, 1394591.475, 9.6150893635e+13, 1779364.4375, 9.61480235068e+13, 23.8811479363, 0.230672398623, 0.000359849460235, 1.13339176687e+12, 1175.58074206
HC_v3000_chi3000_cond, 36.733, 2719.907, 904401.063, 1.212672111e+15, 9125296.25, 1.21267210277e+15, 1.85484137598, 18.9840906259, 2.53383805049e-08, 3.78484784797e+13, 131315.466598
HC_v3000_chi3000_cond, 38.246, 2691.821, 884283.846, 1.03976263019e+15, 10105297.625, 1.03976240212e+15, 1.91635027294, 13.3370546315, 3.36170837834e-08, 3.18210923517e+13, 34107.532657
HC_v3000_chi3000_cond, 69.809, 2626.369, 949953.499, 5.61989125769e+14, 6233568.6875, 5.61988777355e+14, 6.25334165691, 8.23213408136, 6.34439631142e-06, 9.46829447837e+12, 46798.0318764
HC_v3000_chi3000_cond, 64.743, 2778.391, 1574205.69, 1.06690248136e+14, 1969561.26562, 1.06690076941e+14, 14.0243140621, 4.41220074363, 0.0117514839447, 1.39585124344e+12, 16103.2719522
LowCond_v1700_chi300_cond, 987.375, 654.101, 2616664.561, 5.04393415939e+13, 19160974.2344, 5.04391805936e+13, 0.740815376237, 28.0003160271, 1.5333294856e-08, 2.83915608137e+12, 8588.86816406
LowCond_v1700_chi300_cond, 479.738, 1138.948, 2028534.241, 1.54522315391e+14, 30194197.7812, 1.54512184592e+14, 0.376550214834, 6.85052397337, 3.9019039666e-09, 1.36730670775e+13, 91298.2148438
LowCond_v1700_chi300_cond, 496.2, 1113.402, 2258029.205, 8.09239572175e+13, 44479744.1094, 8.0919640025e+13, 0.298169153849, 19.4189764273, 2.60666621621e-09, 8.35577987663e+12, 21930.5078125
LowCond_v1700_chi300_cond, 745.526, 833.374, 2614658.469, 8.20395241171e+13, 374836194.266, 8.20296040231e+13, 0.893444344418, 15.6065344176, 1.82916399805e-08, 4.07775081273e+12, 43640.1897843
T0.3_v1700_chi300_cond, 143.791, 1538.011, 1320497.715, 7.28816308326e+13, 1117733762.58, 7.28232759377e+13, 0.130549101489, 12.0902419535, 2.29748695069e-09, 1.27274332952e+13, 87501.2714844
T0.3_v1700_chi300_cond, 340.841, 1296.491, 2286453.978, 7.82452907178e+13, 366760634.547, 7.82442438919e+13, 0.28176183522, 32.9153063001, 4.05754269073e-09, 8.38493880808e+12, 21453.9775391
T0.3_v1700_chi300_cond, 161.966, 1430.363, 2044574.107, 1.88939505293e+14, 94441034.7188, 1.88936452464e+14, 0.436129044077, 16.5619811548, 6.58671001075e-09, 1.51594035237e+13, 209660.941406
T0.3_v1700_chi300_cond, 224.731, 1365.873, 2707056.246, 9.43306359095e+13, 973059.578125, 9.43190167042e+13, 1.30399933609, 10.7172158781, 1.92063442928e-08, 3.66582881222e+12, 15814.8488567
T0.3_v3000_chi300_cond, 239.533, 2741.948, 881682.004, 9.16220172844e+14, 8917907.125, 9.16219531128e+14, 0.875495076305, 9.7977480578, 1.55358336196e-08, 4.61556778214e+13, 204654.389017
T0.3_v3000_chi300_cond, 104.681, 2886.114, 946383.716, 2.42372881127e+14, 82178232.4688, 2.42372509759e+14, 0.306594671786, 18.2078429797, 3.30748889388e-09, 2.45715126702e+13, 67517.640625
T0.3_v3000_chi300_cond, 174.046, 2817.758, 977425.968, 3.14107680587e+14, 62065209.8125, 3.14107569043e+14, 0.624966284424, 26.9483247529, 2.34006060085e-08, 1.98084155882e+13, 183415.851562
T0.3_v3000_chi300_cond, 472.37, 2350.772, 1586209.883, 1.63749047482e+14, 3670151.375, 1.63748751843e+14, 2.73995168555, 14.9500058671, 7.76163551208e-08, 4.07957283813e+12, 5783.33907106
T3_v860_chi3000_cond, -1.924, 657.964, 996777.758, 5.74026791323e+13, 268956.375, 5.73989445735e+13, 0.781522723744, 7.69228733201, 5.79164460834e-09, 3.11802157103e+12, 5659.67871094
T3_v860_chi3000_cond, 10.717, 836.045, 1041421.627, 3.35166604941e+13, 241297603.621, 3.35118780343e+13, 0.158412765544, 15.965502681, 1.69378225334e-09, 5.1944534265e+12, 30668.125
T3_v860_chi3000_cond, 16.255, 700.893, 1500199.463, 2.06013042756e+14, 3423757.71875, 2.06012889863e+14, 1.88975447048, 13.9420326024, 5.55378354417e-08, 6.35799882316e+12, 11987.0605208
T3_v860_chi3000_cond, 19.129, 751.892, 1371252.504, 3.69721152149e+13, 803960.203125, 3.69718460262e+13, 1.0517709264, 11.4459119686, 2.11763435676e-08, 1.65087167402e+12, 20244.9177285
T10_v1500_chi10000_cond, -19.044, 818.002, 897677.731, 9.31934491419e+13, 625249.796875, 9.31921355062e+13, 1.8161002711, 8.05003684368, 2.51968177434e-08, 2.94601555185e+12, 18060.5414289
T10_v1500_chi10000_cond, 10.624, 877.513, 864504.443, 3.82357244632e+13, 272359.265625, 3.82355965033e+13, 0.642745751237, 12.5008392956, 6.97888247192e-09, 2.36639529708e+12, 30018.0288086
T10_v1500_chi10000_cond, 15.468, 869.68, 1282962.463, 9.7304778917e+13, 20967689.3906, 9.7303794632e+13, 0.441451735314, 14.7841047221, 6.86159112862e-09, 7.74416113445e+12, 111701.464844
T10_v1500_chi10000_cond, 18.625, 1032.127, 1203162.133, 7.57621035975e+13, 676603.0, 7.55814129771e+13, 4.76144279005, 1.6394097243, 1.15749141827e-07, 1.43155034536e+12, 224.207894033
T1_v480_chi1000_cond, 8.63, 447.228, 1875558.685, 7.5352397539e+12, 935203.358398, 7.5345831432e+12, 0.429645316744, 9.16071547456, 6.24134277594e-09, 6.10661029322e+11, 7981.1907959
T1_v480_chi1000_cond, 18.28, 482.283, 1579068.886, 5.44789424969e+13, 703993.570312, 5.44780815212e+13, 1.8024410916, 11.254112604, 4.68823602162e-08, 1.73008306868e+12, 12719.074373
T1_v480_chi1000_cond, 11.114, 494.977, 1605026.914, 3.88096389618e+13, 606154.65625, 3.88090537735e+13, 1.46662130501, 11.0584172157, 2.91319091072e-08, 1.39998159626e+12, 13958.4134526
T1_v480_chi1000_cond, 38.325, 493.535, 2669217.983, 3.72344641316e+12, 77573.9838867, 3.72166973786e+12, 1.01247125992, 13.1107615655, 2.70846807204e-08, 1.70451391204e+11, 1300.85826135
T0.3_v1700_chi300, 394.63, 1185.499, 1034870.277, 3.88024921382e+13, 2.09672869176e+13, 3.88021050294e+13, 0.0160467684371, 33.4488101604, 2.86199191867e-05, 1.96207121644e+13, 10860.4765625
T0.3_v1700_chi300, 524.648, 1018.22, 1190256.023, 5.69444194744e+13, 1.47854604574e+13, 5.69441105975e+13, 0.0302840755869, 36.4531273381, 1.2771673776e-05, 2.1985444349e+13, 8923.48828125
T0.3_v1700_chi300, 810.272, 739.642, 1874044.562, 7.53357509923e+13, 501830257067.0, 7.52591332665e+13, 0.068027006716, 21.6159479569, 1.69745667522e-09, 1.9239998514e+13, 219127.488281
T0.3_v1700_chi300, 649.802, 896.315, 1460025.626, 4.07072793118e+13, 4.43968190789e+12, 4.0705127082e+13, 0.0306929417983, 39.3592845555, 1.95061980564e-07, 1.56187324586e+13, 6294.66992188
T0.3_v3000_chi300, 544.646, 2259.017, 993812.457, 8.75185335958e+13, 389692406001.0, 8.75079162731e+13, 0.0548806994432, 27.965844643, 1.27249352722e-09, 2.51150778502e+13, 323664.960938
T0.3_v3000_chi300, 658.915, 2081.312, 1042963.749, 9.79114063096e+13, 456682849983.0, 9.789250229e+13, 0.0580743295203, 13.0804050066, 1.69347164763e-09, 2.72602619031e+13, 340469.910156
T0.3_v3000_chi300, 917.249, 1797.69, 1291861.969, 1.62419592677e+14, 25646674747.2, 1.62413134387e+14, 0.119701094047, 17.6630919044, 2.35906705282e-09, 2.98966848032e+13, 222149.136719
T0.3_v3000_chi300, 978.361, 1580.943, 1251682.895, 5.7004761989e+13, 1.18829195028e+12, 5.70041623225e+13, 0.0653981456432, 32.7685735082, 4.6249349242e-07, 1.48784643145e+13, 173516.853516
T3_v430_chi3000, 48.914, 414.685, 795057.842, 1.3052119019e+13, 81653589182.5, 1.30518123076e+13, 0.0242942566657, 29.8924905682, 1.87375327754e-09, 5.56589832962e+12, 2528.45507812
T3_v430_chi3000, 61.897, 408.489, 803166.835, 1.05288229606e+13, 1.29720468057e+12, 1.05286794822e+13, 0.0102292599122, 33.3001568017, 8.17799284868e-07, 6.24411570957e+12, 4182.38378906
T3_v430_chi3000, 58.336, 454.996, 829844.379, 6.75159543249e+12, 1.51416706739e+12, 6.74655158181e+12, 0.00531047927639, 19.6506093209, 1.97951476703e-08, 4.8140880471e+12, 3891.41015625
T3_v430_chi3000, 74.255, 465.944, 802189.559, 8.58001855355e+12, 2.66879080068e+12, 8.57809013075e+12, 0.00650661057106, 27.0546551747, 2.46202093374e-08, 5.81284965532e+12, 4510.06152344
T3_v860_chi3000, 67.585, 747.404, 842097.551, 9.12516037349e+12, 1.18628664073e+12, 9.1229099873e+12, 0.0110108200027, 29.5440699837, 3.5428287453e-08, 5.28215743141e+12, 3436.51855469
T3_v860_chi3000, 67.275, 710.085, 812954.251, 7.74487030604e+12, 2.48454298323e+12, 7.73529121254e+12, 0.00466811223911, 22.7168749135, 7.97123489264e-09, 5.68922489021e+12, 4668.18261719
T3_v860_chi3000, 104.827, 623.219, 824635.517, 1.05775045682e+13, 6.49100299542e+12, 1.05738929622e+13, 0.00355436125139, 32.8564363413, 3.02787386526e-06, 8.22070164221e+12, 6721.61230469
T3_v860_chi3000, 117.758, 574.845, 813629.946, 1.46011411711e+13, 1.37925280363e+12, 1.46006485435e+13, 0.00811332797983, 24.2227346377, 6.2655583985e-09, 9.30142805695e+12, 6770.73632812
T1_v3000_chi1000, 237.905, 2554.766, 782072.093, 4.60605368527e+13, 9.47205552718e+12, 4.60604716713e+13, 0.0298767574331, 32.625966029, 8.24652560225e-06, 1.78953512816e+13, 7315.234375
T1_v3000_chi1000, 324.775, 2384.423, 790466.605, 9.88263911805e+13, 8050313016.33, 9.88262891787e+13, 0.0952389378892, 23.9033926719, 2.75389069881e-09, 2.0837975038e+13, 188376.570312
T1_v3000_chi1000, 223.59, 2567.795, 776149.151, 1.22076184169e+14, 334142722.344, 1.22072165967e+14, 0.111110063217, 14.1540095832, 1.48465813254e-09, 2.34984752384e+13, 186667.554688
T1_v3000_chi1000, 365.81, 2283.069, 827362.632, 4.4131037489e+13, 782341021814.0, 4.41303386993e+13, 0.0298611628161, 43.6212654144, 6.78853013525e-08, 1.71498500206e+13, 7012.31835938
T10_v1500_chi10000, 62.833, 1463.184, 758404.104, 7.11354279666e+12, 2.34082444137e+12, 7.11316058739e+12, 0.00935785306583, 28.2119994409, 9.16857457144e-08, 4.33990979558e+12, 3006.29980469
T10_v1500_chi10000, 89.379, 1341.578, 788319.959, 1.03781072222e+13, 6.33865102561e+12, 1.03778918626e+13, 0.00486604607422, 38.6594606361, 7.58351267116e-06, 7.55246666268e+12, 6173.72851562
T10_v1500_chi10000, 76.787, 459.335, 739098.312, 1.24778658716e+13, 3.9187616014e+12, 1.24653561957e+13, 0.0181811170887, 24.3801950075, 3.65389565132e-09, 6.00800934052e+12, 3139.47460938
T10_v1500_chi10000, 94.233, 571.778, 757686.583, 9.52529605388e+12, 1.54086082508e+12, 9.52485365446e+12, 0.00788766638976, 23.7303122914, 2.874725098e-07, 6.11804825e+12, 4494.0703125
T1_v480_chi1000, 85.643, 405.042, 995554.391, 7.62747100739e+12, 833280331732.0, 7.6256775222e+12, 0.00500824846248, 26.0871349658, 1.00396035149e-09, 5.51411072855e+12, 4493.04199219
T1_v480_chi1000, 60.844, 416.518, 899917.513, 1.223350287e+13, 3.70145034882e+12, 1.22328886875e+13, 0.00276865401792, 31.7137648214, 2.68121395281e-08, 9.93811305143e+12, 7690.17578125
T1_v480_chi1000, 108.09, 335.556, 895888.845, 1.28422228694e+13, 3.21650196025e+12, 1.28420050752e+13, 0.00573718024379, 41.8076150115, 9.04010939127e-06, 8.98599868707e+12, 7167.69726562
T1_v480_chi1000, 137.001, 315.131, 952680.424, 1.70946335072e+13, 256785476055.0, 1.70939920679e+13, 0.00718555108515, 29.7537254786, 6.11200394116e-10, 1.12739540584e+13, 8518.453125
