Run, velocity(km/s), b(km/s), Temp(K), N_fit, upper_N_err, lower_N_err, q_fit, upper_q_err, lower_q_err, area, area_err
T0.3_v1000_chi300_cond, 26.53, 13.699, 6367.534, 1.86041712443e+17, 1979009184.0, 1.86041712186e+17, 1.8073755107, 17.710085102, 5.71936014104e-08, 5.89831753918e+15, 40647967.8409
T0.3_v1000_chi300_cond, 36.79, 36.444, 6249.05, 8.65024908678e+16, 826358608.0, 8.65024908498e+16, 0.799977112765, 21.0954673488, 1.3258407372e-08, 4.62631477685e+15, 6419207.0
T0.3_v1000_chi300_cond, 60.38, 45.974, 8688.408, 6.99752420677e+16, 612139432.0, 6.99752420586e+16, 1.33448002983, 21.6746605905, 1.95839939821e-08, 2.67957801322e+15, 10926042.3788
T0.3_v1000_chi300_cond, 110.358, 98.511, 10311.606, 1.84101910252e+16, 137127124.0, 1.84101865129e+16, 0.526299057858, 13.4843301536, 7.35332950086e-09, 1.30260078002e+15, 1645026.0
T3_v3000_chi3000_cond, 20.35, 36.713, 12689.861, 6.86275146207e+15, 429335146028.0, 6.86275140332e+15, 0.0193291354456, 39.8602707181, 1.64282737868e-07, 3.2235846926e+15, 1636553.0
T3_v3000_chi3000_cond, 1.965, 26.734, 55232.656, 7.09428949499e+16, 775375640.0, 7.09428942633e+16, 4.00975792733, 12.1148532214, 1.06301194513e-07, 1.45200316851e+15, 20752.4231101
T3_v3000_chi3000_cond, 42.612, 46.716, 14521.348, 7.98540123843e+16, 1876426576.0, 7.98539558921e+16, 1.40369375248, 16.5412091639, 3.76286171111e-08, 2.96131978282e+15, 33956042.429
T3_v3000_chi3000_cond, 41.664, 47.337, 15877.55, 5.62678559731e+17, 17760438336.0, 5.62678559708e+17, 14.199125843, 15.3889229619, 1.01282592689, 7.34009349764e+15, 97164704.8617
T1_v1700_chi1000_cond, 13.64, 24.655, 11779.326, 9.54531432032e+15, 506219728838.0, 9.54531429447e+15, 0.0363795966597, 42.8362657086, 2.07228694177e-06, 3.37755934398e+15, 1241539.5
T1_v1700_chi1000_cond, 20.97, 25.923, 10762.754, 5.90469927841e+16, 388324720.0, 5.90469887139e+16, 0.649689780156, 12.620249058, 7.32649318991e-09, 3.62821873798e+15, 43869929.0
T1_v1700_chi1000_cond, 28.55, 30.164, 10222.924, 3.11594114594e+17, 3573724992.0, 3.11594114112e+17, 6.52461921494, 10.3735075889, 1.05153059176e-05, 5.1637188594e+15, 42109095.3765
T1_v1700_chi1000_cond, 37.295, 31.766, 9365.43, 2.10396854717e+17, 2799086784.0, 2.10396854172e+17, 7.24893547292, 10.4768826156, 0.000769251979386, 3.35216702924e+15, 7389.65432915
T0.3_v1000_chi300, 106.091, 65.717, 12502.113, 2.85243344241e+16, 4363389116.0, 2.85243343988e+16, 0.364756252762, 29.8479592981, 4.51927606449e-09, 2.57793826379e+15, 14952103.5
T0.3_v1000_chi300, 139.552, 86.949, 12781.3, 2.55057601481e+16, 221470068.0, 2.55057574568e+16, 0.344871395584, 33.5292821722, 2.70501537836e-09, 2.39244070565e+15, 10167726.5
T0.3_v1000_chi300, 152.961, 78.051, 12501.657, 1.84803105876e+16, 181287180.0, 1.84803103151e+16, 0.240756604989, 23.029864055, 3.78565448433e-09, 2.19414844652e+15, 6999149.5
T0.3_v1000_chi300, 203.363, 122.691, 15372.155, 4.56850877176e+15, 3.93079302537e+12, 4.56850876118e+15, 0.0703418698631, 46.7202390216, 1.7821232923e-05, 1.14527218614e+15, 12778290.0
T3_v3000_chi3000, 75.899, 76.073, 11369.787, 4.06069057576e+16, 8962149560.0, 4.06069057543e+16, 0.537787526837, 33.2595030827, 2.61571940774e-08, 2.83185496902e+15, 4497843.5
T3_v3000_chi3000, 106.252, 76.765, 11764.07, 3.34625839199e+16, 1522136296.0, 3.34625838703e+16, 0.510855396792, 30.8313537574, 5.27601839995e-09, 2.41532409509e+15, 2270095.0
T3_v3000_chi3000, 104.688, 68.586, 11661.316, 3.41904687729e+16, 232031600.0, 3.41904684167e+16, 0.698747605369, 21.4766842938, 8.14822298523e-09, 2.00109467948e+15, 9398187.0
T3_v3000_chi3000, 120.326, 86.124, 12379.519, 1.28097527858e+16, 105833192.0, 1.28097525418e+16, 0.332154722357, 21.5253559606, 4.63697102937e-09, 1.23180507278e+15, 4389177.25
T1_v1700_chi1000, 87.319, 78.009, 11825.75, 7.31401773588e+16, 593922256.0, 7.31401772859e+16, 1.54235831179, 23.5716379633, 2.13551434314e-08, 2.55652148693e+15, 28135813.4442
T1_v1700_chi1000, 120.54, 93.605, 13018.716, 3.92302409145e+16, 261406792.0, 3.92302366123e+16, 0.753047368338, 19.371846347, 1.01186943269e-08, 2.18424090637e+15, 5726103.5
T1_v1700_chi1000, 131.755, 76.925, 12616.143, 3.25866810394e+16, 259445144.0, 3.25866782296e+16, 0.718380713967, 18.2333172397, 9.80591108313e-09, 1.87226931384e+15, 7227150.5
T1_v1700_chi1000, 134.075, 92.37, 13409.261, 1.07095683139e+16, 695351928.0, 1.07095682948e+16, 0.255631663172, 24.7612219112, 3.134000226e-09, 1.22297483076e+15, 3482333.5
HC_v1000_chi300_cond, 171.477, 113.632, 10885.03, 7.43833820187e+16, 8.38075308045e+14, 7.43833814888e+16, 0.0303189849886, 44.7348455661, 0.000834320999827, 2.87030158299e+16, 11642888.0
HC_v1000_chi300_cond, 181.727, 123.392, 10842.516, 5.08930305549e+16, 3.61092123332e+14, 5.08930296667e+16, 0.0195956980882, 41.0742351034, 3.51873233538e-06, 2.37719993483e+16, 11990376.0
HC_v1000_chi300_cond, 257.955, 195.927, 11693.575, 5.17471013689e+16, 1.15339467003e+14, 5.17471012578e+16, 0.0422642982468, 45.3521513517, 8.98871071185e-06, 1.7000783461e+16, 251257844.0
HC_v1000_chi300_cond, 369.624, 299.108, 11920.47, 4.74266895734e+16, 1.85520361291e+12, 4.74266895568e+16, 0.0973129037986, 44.2816607887, 3.9646154445e-06, 9.87475884301e+15, 87755548.0
HC_v1700_chi1000_cond, 55.879, 53.076, 16978.883, 1.68733412839e+18, 23924504064.0, 1.68733412838e+18, 2.72617289684, 21.2255515647, 1.2866136645e-07, 4.21540935407e+16, 56341476.9227
HC_v1700_chi1000_cond, 82.849, 58.287, 10188.248, 4.44104049665e+17, 3545963392.0, 4.44104049553e+17, 0.520133371085, 25.2521659142, 7.29292803925e-09, 3.16712838357e+16, 35506916.0
HC_v1700_chi1000_cond, 74.52, 74.187, 12666.679, 3.18539713746e+17, 8964348288.0, 3.18539713733e+17, 2.15784939075, 20.0068902761, 1.60277504246e-06, 9.08703771394e+15, 5824224.41835
HC_v1700_chi1000_cond, 75.127, 73.772, 12812.426, 3.05825895865e+17, 3771216768.0, 3.05825895821e+17, 2.09332246556, 16.293961271, 5.12117001694e-07, 8.88105213039e+15, 3980631.34505
HC_v3000_chi3000_cond, 37.638, 24.028, 26350.791, 7.37890118695e+17, 7817764352.0, 7.37890117955e+17, 0.465282437741, 29.1777828698, 1.01089135951e-08, 5.66980937362e+16, 22222384.0
HC_v3000_chi3000_cond, 38.788, 30.881, 17216.933, 1.44517518108e+18, 29349829888.0, 1.44517518108e+18, 1.58008031358, 30.4732667027, 3.75132753749e-08, 4.97602422577e+16, 638971980.513
HC_v3000_chi3000_cond, 57.048, 52.891, 16245.817, 1.53631587484e+18, 22181395712.0, 1.53631587484e+18, 2.59628326457, 24.3824204825, 6.57875576238e-08, 3.94326618497e+16, 31974336.6781
HC_v3000_chi3000_cond, 62.321, 61.5, 11541.129, 7.40582749984e+17, 12478524928.0, 7.40582749959e+17, 2.4560419008, 21.9233712532, 1.18455108833e-07, 1.96107691759e+16, 12219900.3435
LowCond_v1700_chi300_cond, 49.332, 53.458, 5368.525, 1.63722506348e+17, 1591900416.0, 1.63722506308e+17, 1.60066361282, 18.2594011954, 3.38781769305e-08, 5.5921955044e+15, 58791959.9342
LowCond_v1700_chi300_cond, 68.084, 57.348, 9811.37, 1.27310090079e+17, 1227338048.0, 1.27310089442e+17, 1.81220530148, 13.0615687166, 1.4921316871e-07, 4.02974645623e+15, 26040469.6423
LowCond_v1700_chi300_cond, 77.474, 76.538, 11110.879, 8.38608763137e+16, 1336544560.0, 8.38608763002e+16, 1.61377894068, 16.8023564682, 1.43230660221e-07, 2.84995481955e+15, 26630020.5474
LowCond_v1700_chi300_cond, 120.04, 107.592, 11963.284, 3.52865248074e+16, 349851040.0, 3.52865236369e+16, 1.45567419125, 10.7621466021, 2.8765236193e-08, 1.27890233977e+15, 12899533.0381
T0.3_v1700_chi300_cond, 23.652, 30.365, 11919.595, 7.868265289e+15, 1.39801056407e+13, 7.86826512354e+15, 0.0255865824528, 40.0138499579, 3.27817849942e-07, 3.27955937899e+15, 1451646.0
T0.3_v1700_chi300_cond, 46.396, 40.213, 7241.654, 6.21674090742e+16, 862184048.0, 6.21674090713e+16, 0.727101335415, 20.8708738184, 1.73294036898e-08, 3.54319052663e+15, 12474338.0
T0.3_v1700_chi300_cond, 64.633, 62.568, 9653.199, 1.10218850171e+17, 642476144.0, 1.10218849727e+17, 2.01515488779, 20.6230794396, 2.76303295799e-08, 3.27349910747e+15, 214649.572517
T0.3_v1700_chi300_cond, 79.827, 77.599, 9524.554, 1.24812521386e+17, 1507453296.0, 1.24812521269e+17, 3.89907716569, 14.7650833972, 1.33706678618e-07, 2.58943326934e+15, 24703.6656749
T0.3_v3000_chi300_cond, 18.044, 39.535, 13144.253, 5.18928182651e+15, 1.04968223498e+13, 5.18928182313e+15, 0.0107385620158, 50.7825988612, 0.00019729412791, 3.02894090909e+15, 1990444.5
T0.3_v3000_chi300_cond, 81.726, 86.081, 14012.075, 1.64894733035e+16, 163457146.0, 1.64894731185e+16, 0.116514244775, 38.6132259299, 2.20140677909e-09, 3.08497157696e+15, 23488147.5
T0.3_v3000_chi300_cond, 125.269, 61.331, 13140.261, 1.9989440091e+17, 5308203424.0, 1.9989439986e+17, 11.7824763942, 16.8666627925, 6.85570971566e-05, 2.73305270645e+15, 4168025.78316
T0.3_v3000_chi300_cond, 176.15, 169.519, 11150.965, 2.04663836014e+17, 3004053760.0, 2.04663835695e+17, 7.73948604625, 12.8573506307, 0.00024028931056, 3.18560673624e+15, 18333.4111135
T3_v860_chi3000_cond, 7.844, 27.379, 10403.159, 3.62096034937e+16, 3492383968.0, 3.62096022697e+16, 0.254054121113, 28.4252982228, 4.42451575378e-09, 4.15163229286e+15, 11949091.0
T3_v860_chi3000_cond, 8.139, 21.058, 4591.358, 2.78094402819e+16, 251765588.0, 2.78094376969e+16, 0.239489611874, 19.3604798334, 2.87695639534e-09, 3.31309439779e+15, 10682244.5
T3_v860_chi3000_cond, 10.795, 11.248, 11038.98, 2.41857893816e+17, 4281853376.0, 2.41857893811e+17, 5.7076966218, 20.6701369853, 0.000719195400948, 4.22727956408e+15, 6886278.46525
T3_v860_chi3000_cond, 16.967, 8.211, 9767.984, 1.08090811573e+17, 1713799744.0, 1.08090811539e+17, 4.19350169582, 22.8833603097, 2.26324795563e-05, 2.16549754165e+15, 58766.497542
T10_v1500_chi10000_cond, 13.545, 34.645, 15243.294, 2.49939408295e+17, 3553210496.0, 2.49939408058e+17, 2.88820511294, 21.8448853874, 8.42327065875e-08, 6.05070779437e+15, 16300398.0756
T10_v1500_chi10000_cond, 8.633, 23.83, 13968.008, 2.88278160867e+17, 3174668480.0, 2.88278160758e+17, 2.72085786529, 10.6256594748, 6.72635218635e-08, 7.20968777228e+15, 9421130.95715
T10_v1500_chi10000_cond, 11.555, 16.991, 12161.922, 7.04071345997e+16, 2020591760.0, 7.04071335751e+16, 1.17884797446, 16.4241521771, 3.65590908658e-08, 2.9193061572e+15, 17030558.6393
T10_v1500_chi10000_cond, 15.324, 11.49, 10278.93, 1.51897335958e+17, 1220920224.0, 1.51897333585e+17, 4.87030546729, 8.8276970587, 1.1800176658e-07, 2.84136080737e+15, 602068.668895
T1_v480_chi1000_cond, 3.509, 8.807, 9621.401, 9.85231250444e+16, 1030215648.0, 9.85231250304e+16, 1.01392926765, 24.8050315591, 1.94765052974e-08, 4.5059282864e+15, 40111873.0433
T1_v480_chi1000_cond, 7.054, 5.768, 6862.199, 9.34996602555e+16, 1104236288.0, 9.34996600981e+16, 1.04030166881, 16.1804285736, 2.14811706201e-08, 4.20494063823e+15, 39196452.8639
T1_v480_chi1000_cond, 7.173, 9.83, 7143.366, 9.15752029586e+16, 740703184.0, 9.15752029504e+16, 1.80917455115, 14.1129056504, 3.07492602492e-08, 2.90157378262e+15, 19525001.588
T1_v480_chi1000_cond, 10.728, 10.513, 6711.4, 1.87955601252e+16, 298798500.0, 1.87955592922e+16, 0.477445309909, 13.9294273164, 5.63768876027e-09, 1.41949838538e+15, 707326.25
T0.3_v1700_chi300, 123.209, 92.899, 11224.738, 9.06029755774e+16, 756030224.0, 9.06029755069e+16, 1.47011341249, 28.3208590051, 2.34979100622e-08, 3.2634447863e+15, 32460954.5961
T0.3_v1700_chi300, 157.826, 100.279, 11224.106, 9.70580449221e+16, 704257872.0, 9.70580448484e+16, 1.76684614121, 19.6535909589, 2.16913449425e-08, 3.11987692664e+15, 35543085.1937
T0.3_v1700_chi300, 150.227, 115.047, 10715.043, 4.23391771741e+16, 290832608.0, 4.23391759322e+16, 0.713030902365, 21.5789933611, 9.72874192318e-09, 2.44476589453e+15, 9969650.0
T0.3_v1700_chi300, 237.72, 116.348, 14892.969, 1.24386495145e+16, 10287190592.0, 1.24386487149e+16, 0.362913337039, 18.2541555253, 4.30464730528e-09, 1.12795227495e+15, 6331612.5
T0.3_v3000_chi300, 182.4, 126.145, 11664.249, 7.40524799465e+16, 1000018560.0, 7.4052479895e+16, 0.947579420059, 26.3984989041, 2.2114544862e-08, 3.54067701202e+15, 29179238.2557
T0.3_v3000_chi300, 232.165, 163.302, 12435.741, 9.52901602619e+16, 742770224.0, 9.52901601834e+16, 2.01288555758, 20.5840182481, 2.90263355573e-08, 2.83201014598e+15, 158798.85552
T0.3_v3000_chi300, 244.488, 133.693, 11599.967, 5.72060188354e+16, 341991080.0, 5.72060115854e+16, 1.01508184938, 14.6219120336, 1.11962665805e-08, 2.61435570167e+15, 25976903.6255
T0.3_v3000_chi300, 403.932, 350.48, 13884.487, 1.62271073404e+16, 254025602.0, 1.62271069901e+16, 0.516004177739, 23.3135492902, 5.02024488647e-09, 1.16343028253e+15, 1205512.5
T3_v430_chi3000, 17.04, 27.505, 11394.809, 2.20175945114e+15, 2.16565088596e+14, 2.20175933721e+15, 0.00320432879279, 45.9408176822, 2.72876307294e-05, 1.7443526914e+15, 1403370.25
T3_v430_chi3000, 20.342, 42.627, 11313.01, 2.06529738973e+15, 6.79018837902e+13, 2.06529735263e+15, 0.0022765579, 42.8547032378, 3.15911835506e-05, 1.72905656276e+15, 1228571.25
T3_v430_chi3000, 31.371, 30.895, 12630.326, 3.56618312448e+15, 4.27518099804e+12, 3.56618309426e+15, 0.0281260919444, 39.9210463817, 7.39409143104e-07, 1.42448537397e+15, 600840.0
T3_v430_chi3000, 46.601, 31.677, 14126.232, 2.98017889426e+15, 6.17134667964e+12, 2.98017866255e+15, 0.0306177851189, 35.5951122419, 1.70206783459e-08, 1.14475418959e+15, 461962.25
T3_v860_chi3000, 19.346, 50.057, 10380.078, 4.54288483291e+15, 1.0212372187e+13, 4.54288406419e+15, 0.0104539207431, 42.7660376965, 6.59008343016e-07, 2.67516911912e+15, 1776740.0
T3_v860_chi3000, 33.323, 40.063, 11236.304, 5.62600869569e+15, 1.58943614321e+14, 5.62600775507e+15, 0.024093660995, 46.7666481819, 2.93842658483e-05, 2.40784024608e+15, 1098353.0
T3_v860_chi3000, 60.03, 40.852, 13993.768, 4.8114835425e+15, 811856234267.0, 4.81148235944e+15, 0.040751685222, 30.9825021966, 4.0363739684e-08, 1.60989936534e+15, 554724.0
T3_v860_chi3000, 75.83, 47.166, 15166.194, 3.25460536094e+15, 2.87333001056e+12, 3.25460527519e+15, 0.0520979024152, 39.3444623018, 3.79402120259e-06, 9.60043852571e+14, 12726482.5
T1_v3000_chi1000, 123.312, 83.361, 11960.127, 1.34915496316e+17, 1167436432.0, 1.34915496276e+17, 2.47907490732, 20.5862768268, 3.90284089491e-08, 3.55378965962e+15, 2248599.65285
T1_v3000_chi1000, 158.809, 94.269, 11412.837, 9.09371629191e+16, 968626816.0, 9.09371628726e+16, 1.54032855841, 16.4758732619, 3.05144678414e-08, 3.18120399242e+15, 34780742.0608
T1_v3000_chi1000, 128.954, 141.39, 8898.956, 4.50394587194e+16, 402370576.0, 4.50394584906e+16, 0.705474119115, 20.7606699158, 1.15667621037e-08, 2.61925156436e+15, 11520568.5
T1_v3000_chi1000, 274.875, 218.857, 15863.749, 6.94509376077e+15, 34825601458.0, 6.94509198089e+15, 0.183344020343, 29.0515451905, 4.48480746984e-09, 9.81882680991e+14, 5079439.125
T10_v1500_chi10000, 24.651, 35.088, 10635.586, 4.69485382784e+15, 1.82724923012e+13, 4.69485379527e+15, 0.0156155809995, 40.4697843046, 6.46612732132e-06, 2.39881906838e+15, 1344254.5
T10_v1500_chi10000, 40.598, 33.734, 12456.448, 7.83092220876e+15, 207995825763.0, 7.83091903507e+15, 0.0471496799792, 21.9888223609, 1.00798935171e-09, 2.43325621251e+15, 34001624.0
T10_v1500_chi10000, 41.466, 34.091, 11661.353, 1.4840908907e+16, 1525663276.0, 1.4840908821e+16, 0.204877587897, 23.9192897301, 1.80541867567e-09, 1.95500731676e+15, 8582284.5
T10_v1500_chi10000, 58.351, 42.926, 14022.747, 3.75830769606e+15, 2.26897687751e+12, 3.75830754443e+15, 0.0562150771735, 43.871844417, 1.21644872155e-06, 1.06479141834e+15, 13542001.375
T1_v480_chi1000, 21.406, 41.01, 10323.551, 3.33061933672e+15, 3.46194675846e+13, 3.33061752076e+15, 0.00647692897843, 32.3971355981, 2.06997172708e-07, 2.2591798264e+15, 1754787.5
T1_v480_chi1000, 34.22, 47.881, 11228.092, 5.36687182804e+15, 4.4464606954e+12, 5.36687172643e+15, 0.0314297521246, 40.5730679361, 1.48229579654e-06, 2.03646753189e+15, 810497.25
T1_v480_chi1000, 54.901, 44.427, 12201.043, 9.23094985961e+15, 417401428528.0, 9.23094775906e+15, 0.0744005339183, 22.9984887077, 6.56056042825e-10, 2.24257739846e+15, 24150170.5
T1_v480_chi1000, 85.968, 50.607, 15375.212, 3.51748362969e+15, 1.1019354144e+12, 3.51748354287e+15, 0.0397096745674, 35.6134379417, 1.03361589288e-07, 1.19221029427e+15, 417019.25
